Version 1.01
any
76 286
-119.76405432998531 -162.41497125382443 4
-73.0 -149.0 1
-56.0 -120.0 2
-56.0 -83.0 7
-64.0 -40.0 3
-71.0 -5.0 6
-67.0 19.0 0
-41.0 26.0 13
-11.0 14.0 12
3.0 -19.0 8
23.0 -52.0 16
66.0 -65.0 19
100.0 -66.0 18
131.0 -49.0 11
137.0 -18.0 17
103.0 -19.0 28
64.0 -17.0 21
39.0 10.0 5
18.0 42.0 33
-15.714921886671132 61.006195223978914 31
11.54696885775966 74.63714059619431 29
49.0 88.0 30
65.1504286502558 52.57991621949541 41
84.0 16.0 22
125.2758127566095 7.485878139730138 35
143.0401307880322 31.399383182029904 42
112.29419573364677 35.49884118928129 9
99.31257871068405 65.56153324245814 50
89.06393369255557 91.5247672883836 34
74.0 111.0 38
33.0 112.0 36
-32.61729414821822 95.90141537685032 60
5.0 113.0 46
-57.88396560999033 99.224219770022 63
-48.85238272912989 127.44791627271086 37
-165.381339118136 -161.3023545516744 43
-201.46907899342958 -138.61923783497173 67
-206.77986542177985 -100.38157555084993 73
-204.65555085043974 -66.39254240940832 64
-190.8475061367291 -36.65213841064692 75
-175.9773041373484 0.5233665878048362 62
-199.2985969670795 24.227625199229923 47
-229.0851684208509 20.70435501553579 76
-247.14184227724175 -1.600947983535264 70
-275.8200889903331 -26.030565553946417 85
-306.62265027476457 -43.02508212466722 14
-338.646185064006 -44.44058995212078 58
-363.24293310751426 -25.993028919489532 93
-325.66456804104325 -8.228710888066852 84
-287.50381913270365 4.7719957304850364 20
-266.26067341930263 27.077298729556087 82
-237.5824267062113 54.69338815697739 56
-216.3392809928103 63.190646442337794 78
-236.52026942054124 86.5581067270789 91
-277.9444035616732 84.4337921557388 53
-316.0991660241233 64.87829024124957 61
-374.1748211268513 75.81017826058661 94
-341.3791570688402 61.462075235206754 80
-377.59103613289415 99.72368330288637 48
-350.94455908576015 102.45665530772064 72
-319.51538103016617 100.40692630409494 77
-293.876762846724 107.8012524404799 88
-267.3228307049727 121.60929715419054 74
-229.0851684208509 121.60929715419054 89
-195.09613527940928 115.23635344017025 24
-160.04494485229765 93.99320772676924 69
-162.16925942363773 136.47949915357125 95
-74.24623966539465 145.92089724841614 23
-99.02990966436249 102.25443105975853 51
-109.651482521063 137.65967391542688 136
-31.072804481084095 160.970727272983 55
-66.4793919541693 174.5085401303391 45
-115.4237922846106 173.46716991054248 97
-159.1613415160688 167.21894859176274 10
-114.75727917031024 -98.43951088019845 52
-150.36101363911078 -97.32689417804845 15
0 1
1 0
1 2
2 1
2 3
3 2
3 4
4 3
4 5
5 4
6 5
5 6
6 7
7 6
7 8
8 7
8 9
9 8
9 10
10 9
10 11
11 10
11 12
12 11
12 13
13 12
13 14
14 13
14 15
15 14
15 16
16 15
16 17
17 16
17 18
18 17
18 19
19 18
19 20
20 19
20 21
21 20
21 22
22 21
22 23
23 22
23 24
24 23
24 25
25 24
25 26
26 25
26 27
27 26
27 28
28 27
28 29
29 28
29 30
30 29
30 32
32 30
32 31
31 32
0 35
35 0
35 36
36 35
36 37
37 36
37 38
38 37
38 39
39 38
39 40
40 39
40 41
41 40
41 42
42 41
42 43
43 42
43 44
44 43
44 45
45 44
45 46
46 45
46 47
47 46
47 48
48 47
48 49
49 48
49 50
50 49
50 51
51 50
51 52
52 51
52 53
53 52
53 54
54 53
54 55
55 54
55 57
57 55
57 56
56 57
56 58
58 56
58 59
59 58
59 60
60 59
60 61
61 60
61 62
62 61
62 63
63 62
63 64
64 63
64 65
65 64
65 66
66 65
68 69
69 68
68 67
67 68
33 34
34 33
31 33
33 31
34 70
70 34
67 71
71 67
69 72
72 69
72 73
73 72
73 66
66 73
71 70
70 71
48 46
46 48
45 48
48 45
45 49
49 45
49 44
44 49
44 50
50 44
50 43
43 50
43 51
51 43
51 42
42 51
42 52
52 42
52 41
41 52
7 19
19 7
19 8
8 19
8 18
18 8
18 9
9 18
9 17
17 9
17 10
10 17
10 16
16 10
16 11
11 16
11 15
15 11
15 12
12 15
12 14
14 12
24 26
26 24
26 23
23 26
23 27
27 23
27 22
22 27
22 28
28 22
28 21
21 28
21 29
29 21
30 21
21 30
30 20
20 30
20 32
32 20
32 19
19 32
19 31
31 19
56 59
59 56
59 57
57 59
57 60
60 57
60 55
55 60
55 61
61 55
61 54
54 61
54 62
62 54
62 53
53 62
53 63
63 53
63 52
52 63
52 64
64 52
64 41
41 64
41 65
65 41
65 69
69 65
66 69
69 66
67 34
34 67
34 68
68 34
68 33
33 68
65 68
68 65
31 7
7 31
7 33
33 7
68 7
7 68
6 68
68 6
40 65
65 40
40 68
68 40
6 40
40 6
40 5
5 40
39 5
5 39
39 4
4 39
4 38
38 4
38 3
3 38
37 3
3 37
37 2
2 37
2 36
36 2
1 36
36 1
35 1
1 35
