29 64
16 13 2
98 17 9
167 377 6
160 79 4
172 171 8
239 225 7
159 20 5
310 36 3
335 34 11
358 33 1
387 33 17
422 37 10
449 141 0
471 26 13
448 167 14
420 455 25
392 466 24
322 447 28
360 279 20
281 473 12
294 96 36
217 473 22
183 473 23
143 397 34
127 472 43
91 477 33
78 263 18
29 477 47
482 438 30
0 27
27 0
26 0
0 26
1 26
26 1
1 3
3 1
3 24
24 3
25 24
24 25
24 23
23 24
23 22
22 23
22 5
5 22
5 4
4 5
4 2
2 4
5 6
6 5
6 7
7 6
7 20
20 7
20 21
21 20
20 19
19 20
19 10
10 19
10 9
9 10
9 8
8 9
7 8
8 7
19 18
18 19
18 17
17 18
16 17
17 16
16 15
15 16
15 14
14 15
14 28
28 14
28 13
13 28
13 12
12 13
12 11
11 12
11 10
10 11
11 16
16 11
23 2
2 23
