Version 1.01
any
41 102
-310.0 -222.0 7
-465.0 -148.0 5
-452.0 -78.0 1
-307.0 -89.0 9
-276.0 -282.0 3
-255.0 -231.0 8
-184.0 -135.0 10
-129.0 -83.0 6
171.0 -47.0 4
309.0 80.0 14
242.0 218.0 13
-178.0 -197.0 18
-153.0 -167.0 16
-132.0 -136.0 15
-111.0 -110.0 2
-93.0 -88.0 28
-162.0 -108.0 23
-207.0 -166.0 30
-229.0 -193.0 37
-269.0 12.0 26
-270.0 225.0 11
-235.0 227.0 32
-235.0 195.0 27
-266.0 195.0 39
-176.0 54.0 36
-115.0 88.0 35
69.0 113.0 42
139.0 81.0 44
204.0 216.0 24
207.0 250.0 56
246.0 252.0 19
199.0 10.0 29
-184.0 197.0 34
-183.0 226.0 54
-148.0 225.0 50
-146.0 197.0 60
86.0 221.0 40
84.0 248.0 21
122.0 249.0 74
122.0 216.0 75
-326.2735894800244 -173.36373216444707 0
1 2
2 1
1 0
0 1
0 4
4 0
4 5
5 4
7 8
8 7
8 9
9 8
5 18
18 5
17 18
18 17
17 6
6 17
6 16
16 6
16 7
7 16
7 15
15 7
15 16
16 15
16 14
14 16
14 6
6 14
6 13
13 6
13 17
17 13
17 12
12 17
12 18
18 12
11 18
18 11
11 5
5 11
2 3
3 2
23 20
20 23
20 21
21 20
21 22
22 21
22 23
23 22
23 19
19 23
19 3
3 19
31 10
10 31
10 30
30 10
30 29
29 30
29 28
28 29
10 28
28 10
28 27
27 28
27 26
26 27
26 25
25 26
25 24
24 25
24 22
22 24
24 32
32 24
32 33
33 32
33 34
34 33
34 35
35 34
35 32
32 35
35 25
25 35
26 36
36 26
36 37
37 36
37 38
38 37
38 39
39 38
39 36
36 39
39 27
27 39
8 31
31 8
