Version 1.01
any
36 104
-81.0 -44.0 0
213.0 132.0 7
251.0 -80.0 1
-256.0 -115.0 4
-157.0 175.0 6
94.0 -165.0 8
-333.0 88.0 11
-277.0 195.0 2
25.0 97.0 9
267.0 244.0 10
-415.0 242.0 16
-366.0 -136.0 13
-438.1776859504132 41.51652892561984 12
-466.2768595041322 -69.2272727272727 14
-557.185950413223 68.7892561983471 23
-584.4586776859504 173.7479338842975 29
-543.9628099173553 -64.2685950413223 21
29.590909090909044 225.81404958677683 33
162.64876033057845 123.33471074380165 17
369.2603305785123 5.979338842975217 35
437.85537190082636 -184.92975206611567 38
-91.07024793388433 258.0454545454545 18
-197.6818181818182 268.78925619834706 27
212.23553719008257 -189.8884297520661 24
-267.9297520661157 -188.2355371900826 43
-550.5743801652892 -169.2272727272727 36
-370.4090909090909 -48.56611570247932 51
-631.5661157024792 -77.49173553719005 49
-440.5 329.5 45
-553.5 -298.5 41
-146.5 -254.5 30
-264.5 -315.5 31
-441.5 -218.5 42
-666.5 288.5 28
-684.5 97.5 15
-655.5 -125.5 3
1 9
9 1
1 2
2 1
2 5
5 2
5 8
8 5
8 2
2 8
8 4
4 8
4 0
0 4
0 8
8 0
5 0
0 5
4 5
5 4
5 3
3 5
3 6
6 3
6 0
0 6
0 3
3 0
3 7
7 3
7 4
4 7
10 6
6 10
11 3
3 11
15 14
14 15
14 12
12 14
12 13
13 12
13 6
6 13
16 12
12 16
13 16
16 13
16 14
14 16
16 11
11 16
15 10
10 15
10 12
12 10
15 6
6 15
20 19
19 20
19 1
1 19
1 18
18 1
18 17
17 18
21 17
17 21
22 21
21 22
7 22
22 7
23 5
5 23
24 3
3 24
26 3
3 26
25 16
16 25
27 25
25 27
28 10
10 28
30 29
29 30
31 30
30 31
30 5
5 30
31 29
29 31
32 29
29 32
32 30
30 32
33 15
15 33
34 27
27 34
35 27
27 35
34 33
33 34
