Version 1.01
any
73 152
-228.0 -145.0 5
-269.0 -115.0 7
-290.0 -77.0 4
-300.0 -31.0 3
-299.0 27.0 6
-286.0 59.0 11
-271.0 90.0 10
-235.0 115.0 1
-182.0 134.0 8
-129.0 140.0 18
-66.0 145.0 2
-6.0 146.0 21
54.0 144.0 25
108.0 129.0 12
150.0 111.0 16
179.0 81.0 30
197.0 7.0 27
200.0 -38.0 29
186.0 -74.0 19
161.0 -102.0 14
111.0 -120.0 13
-30.0 -158.0 49
-63.0 -158.0 26
-91.0 -162.0 22
-208.0 -171.0 52
-190.0 -196.0 54
-152.0 -202.0 46
-117.0 -187.0 47
-207.0 -126.0 57
-178.0 -109.0 53
-144.0 -118.0 40
-113.0 -136.0 39
-7.0 -170.0 63
11.0 -193.0 67
54.0 -193.0 51
90.0 -185.0 71
-7.0 -135.0 72
25.0 -119.0 59
77.0 -110.0 55
110.0 -153.0 33
184.0 49.0 15
-163.0 -161.0 75
48.0 -155.0 73
-207.0 4.0 83
-190.0 34.0 48
-161.0 51.0 43
-128.0 62.0 23
-86.0 68.0 64
-39.0 72.0 60
2.0 74.0 42
49.0 61.0 81
76.0 36.0 32
89.0 11.0 78
292.8007496646055 -131.46606863006858 77
290.23221359124534 -91.22567014742661 68
322.76700385380695 -85.23241930958632 56
314.2052169426065 -55.26616512038487 76
350.16472196964827 -44.135842135824326 97
-414.40284920054887 -127.18517517446837 38
-405.8410622893485 -90.36949145630658 91
-434.0949590963098 -80.09534716286608 90
-417.82756396502907 -55.26616512038487 9
-448.64999684535053 -38.14259129798403 66
-384.89495330053296 126.80585492153668 44
-347.70739398925843 130.26516276444593 24
-359.81497143944085 163.9934142328112 80
-328.6812008532575 150.1561828611742 94
-329.54602781398484 183.88443432953946 28
230.8618427373151 168.3175490364478 69
196.26876430822253 168.3175490364478 61
197.13359126894983 197.72166570117648 92
166.8646476434938 177.83064560444825 34
151.29776235040217 210.6940701120862 84
1 2
2 1
2 3
3 2
3 4
4 3
4 5
5 4
5 6
6 5
6 7
7 6
7 8
8 7
8 9
9 8
9 10
10 9
10 11
11 10
11 12
12 11
12 13
13 12
13 14
14 13
14 15
15 14
16 17
17 16
17 18
18 17
18 19
19 18
1 0
0 1
0 24
24 0
24 25
25 24
25 26
26 25
27 23
23 27
23 31
31 23
27 26
26 27
0 28
28 0
28 29
29 28
29 30
30 29
30 31
31 30
23 22
22 23
22 21
21 22
21 32
32 21
32 33
33 32
33 34
34 33
34 35
35 34
35 39
39 35
39 20
20 39
21 36
36 21
36 37
37 36
37 38
38 37
38 20
20 38
20 19
19 20
16 40
40 16
40 15
15 40
43 44
44 43
44 45
45 44
45 46
46 45
46 47
47 46
47 48
48 47
48 49
49 48
49 50
50 49
50 51
51 50
51 52
52 51
18 53
53 18
53 54
54 53
54 55
55 54
55 56
56 55
56 57
57 56
57 16
16 57
62 3
3 62
2 58
58 2
58 59
59 58
60 59
59 60
60 61
61 60
61 62
62 61
63 5
5 63
67 7
7 67
63 64
64 63
64 65
65 64
65 66
66 65
66 67
67 66
68 15
15 68
13 72
72 13
72 71
71 72
71 70
70 71
70 69
69 70
69 68
68 69
